Theta 1:
2.243874, -0.243293, -0.000275, 0.296636, -0.258467, 0.073504, 0.025946, 0.226263, -0.054792, -0.053366, 0.255969, -0.200800, 0.144999, -0.122012, -0.261484, -0.073409, -0.051976, 0.224272, -0.206228, -0.152104, -0.153304, 0.151272, -0.196769, -0.048286, -0.233084, 0.130296, 0.088003, 0.099096, -0.147384, -0.061929, 0.440879, 0.033373, -0.060576, -0.084059, 0.290000, 0.234474, -0.140555, -0.122312, -0.079464, 0.049911, -0.011341, 0.283850, -0.031473;
-2.243897, 0.243294, 0.000275, -0.296638, 0.258469, -0.073504, -0.025947, -0.226264, 0.054792, 0.053365, -0.255971, 0.200801, -0.145000, 0.122012, 0.261485, 0.073409, 0.051976, -0.224272, 0.206230, 0.152106, 0.153305, -0.151272, 0.196770, 0.048288, 0.233086, -0.130296, -0.088005, -0.099097, 0.147384, 0.061929, -0.440879, -0.033373, 0.060578, 0.084059, -0.289999, -0.234475, 0.140556, 0.122312, 0.079464, -0.049913, 0.011340, -0.283851, 0.031473;
-0.597740, -0.031804, 0.245224, 0.264395, -0.283999, 0.175383, 0.218257, 0.136281, -0.110430, 0.032824, 0.131802, -0.066810, 0.003369, -0.277393, -0.221482, -0.159318, -0.065167, -0.058428, -0.113391, -0.346030, -0.003753, -0.003391, -0.088972, -0.163845, -0.273075, -0.174822, 0.211156, -0.326622, 0.162776, -0.040674, 0.364205, 0.022655, -0.448460, 0.288097, 0.006740, 0.175084, 0.168472, -0.214504, -0.154346, 0.573245, 0.003917, 0.294922, 0.147909;
0.597752, 0.031804, -0.245226, -0.264397, 0.284000, -0.175384, -0.218258, -0.136282, 0.110432, -0.032825, -0.131803, 0.066810, -0.003369, 0.277395, 0.221483, 0.159319, 0.065168, 0.058429, 0.113391, 0.346032, 0.003753, 0.003391, 0.088972, 0.163845, 0.273077, 0.174824, -0.211157, 0.326625, -0.162777, 0.040675, -0.364208, -0.022656, 0.448463, -0.288099, -0.006740, -0.175085, -0.168474, 0.214506, 0.154347, -0.573249, -0.003917, -0.294923, -0.147910;
-0.018151, -0.235668, -0.196793, 0.039039, 0.029075, -0.080714, -0.230739, 0.121599, 0.042498, -0.151744, 0.126014, -0.206668, 0.148199, 0.050956, -0.043025, 0.058888, 0.038500, 0.260152, -0.077781, 0.142899, -0.131248, 0.116332, -0.075082, 0.098011, 0.072604, 0.335147, -0.092206, 0.384270, -0.286260, 0.007960, 0.136116, -0.029057, 0.329153, -0.303478, 0.296398, 0.117640, -0.251986, 0.024298, 0.082257, -0.452858, -0.070650, 0.014454, -0.156504;
0.018127, 0.235668, 0.196791, -0.039041, -0.029073, 0.080712, 0.230737, -0.121602, -0.042498, 0.151743, -0.126016, 0.206669, -0.148199, -0.050955, 0.043026, -0.058886, -0.038501, -0.260151, 0.077784, -0.142895, 0.131248, -0.116330, 0.075082, -0.098008, -0.072602, -0.335145, 0.092203, -0.384268, 0.286257, -0.007960, -0.136118, 0.029058, -0.329147, 0.303475, -0.296396, -0.117642, 0.251985, -0.024295, -0.082256, 0.452851, 0.070649, -0.014456, 0.156502;
-0.018151, -0.235668, -0.196793, 0.039039, 0.029075, -0.080714, -0.230739, 0.121599, 0.042498, -0.151744, 0.126014, -0.206668, 0.148199, 0.050956, -0.043025, 0.058888, 0.038500, 0.260152, -0.077781, 0.142899, -0.131248, 0.116332, -0.075082, 0.098011, 0.072604, 0.335147, -0.092206, 0.384270, -0.286260, 0.007960, 0.136116, -0.029057, 0.329153, -0.303478, 0.296398, 0.117640, -0.251986, 0.024298, 0.082257, -0.452859, -0.070650, 0.014454, -0.156504;
0.597752, 0.031804, -0.245226, -0.264397, 0.284000, -0.175384, -0.218259, -0.136282, 0.110431, -0.032825, -0.131803, 0.066809, -0.003369, 0.277395, 0.221483, 0.159318, 0.065168, 0.058429, 0.113391, 0.346032, 0.003753, 0.003391, 0.088972, 0.163845, 0.273077, 0.174824, -0.211157, 0.326625, -0.162777, 0.040675, -0.364208, -0.022656, 0.448463, -0.288099, -0.006740, -0.175084, -0.168474, 0.214505, 0.154347, -0.573249, -0.003917, -0.294924, -0.147910;
2.243874, -0.243293, -0.000275, 0.296636, -0.258467, 0.073504, 0.025946, 0.226263, -0.054792, -0.053366, 0.255969, -0.200800, 0.144999, -0.122012, -0.261484, -0.073409, -0.051976, 0.224271, -0.206228, -0.152104, -0.153304, 0.151272, -0.196769, -0.048286, -0.233084, 0.130296, 0.088003, 0.099096, -0.147384, -0.061929, 0.440879, 0.033373, -0.060576, -0.084059, 0.290000, 0.234474, -0.140555, -0.122312, -0.079464, 0.049911, -0.011341, 0.283850, -0.031473;
-0.597740, -0.031804, 0.245224, 0.264395, -0.283999, 0.175383, 0.218257, 0.136281, -0.110430, 0.032824, 0.131802, -0.066810, 0.003369, -0.277393, -0.221482, -0.159318, -0.065167, -0.058428, -0.113391, -0.346030, -0.003753, -0.003390, -0.088972, -0.163845, -0.273075, -0.174822, 0.211156, -0.326622, 0.162776, -0.040674, 0.364205, 0.022655, -0.448460, 0.288097, 0.006740, 0.175084, 0.168472, -0.214504, -0.154346, 0.573245, 0.003917, 0.294922, 0.147909;
-0.597741, -0.031804, 0.245224, 0.264395, -0.283999, 0.175383, 0.218257, 0.136281, -0.110430, 0.032824, 0.131802, -0.066810, 0.003369, -0.277393, -0.221481, -0.159318, -0.065167, -0.058428, -0.113391, -0.346030, -0.003753, -0.003390, -0.088972, -0.163845, -0.273076, -0.174822, 0.211156, -0.326622, 0.162776, -0.040674, 0.364205, 0.022655, -0.448460, 0.288097, 0.006740, 0.175084, 0.168472, -0.214504, -0.154346, 0.573245, 0.003917, 0.294922, 0.147909;
-0.597740, -0.031804, 0.245224, 0.264396, -0.283999, 0.175383, 0.218257, 0.136281, -0.110430, 0.032824, 0.131802, -0.066810, 0.003369, -0.277393, -0.221482, -0.159318, -0.065167, -0.058428, -0.113391, -0.346030, -0.003753, -0.003391, -0.088972, -0.163845, -0.273075, -0.174822, 0.211156, -0.326622, 0.162776, -0.040674, 0.364205, 0.022656, -0.448460, 0.288097, 0.006740, 0.175084, 0.168472, -0.214504, -0.154345, 0.573245, 0.003917, 0.294922, 0.147909;
0.018127, 0.235668, 0.196791, -0.039042, -0.029073, 0.080712, 0.230737, -0.121602, -0.042498, 0.151744, -0.126016, 0.206669, -0.148199, -0.050954, 0.043027, -0.058886, -0.038500, -0.260151, 0.077784, -0.142894, 0.131248, -0.116331, 0.075082, -0.098008, -0.072602, -0.335144, 0.092203, -0.384268, 0.286257, -0.007960, -0.136118, 0.029058, -0.329147, 0.303475, -0.296396, -0.117642, 0.251985, -0.024295, -0.082256, 0.452851, 0.070649, -0.014457, 0.156502;
-0.018151, -0.235668, -0.196793, 0.039039, 0.029075, -0.080714, -0.230739, 0.121599, 0.042498, -0.151744, 0.126014, -0.206668, 0.148199, 0.050956, -0.043025, 0.058888, 0.038500, 0.260152, -0.077781, 0.142899, -0.131248, 0.116332, -0.075082, 0.098011, 0.072604, 0.335147, -0.092206, 0.384270, -0.286260, 0.007960, 0.136116, -0.029057, 0.329153, -0.303478, 0.296398, 0.117640, -0.251986, 0.024297, 0.082257, -0.452858, -0.070650, 0.014454, -0.156504;
0.018127, 0.235668, 0.196790, -0.039042, -0.029072, 0.080712, 0.230737, -0.121602, -0.042498, 0.151743, -0.126016, 0.206669, -0.148199, -0.050954, 0.043027, -0.058886, -0.038500, -0.260151, 0.077784, -0.142894, 0.131248, -0.116331, 0.075082, -0.098008, -0.072602, -0.335144, 0.092203, -0.384268, 0.286258, -0.007960, -0.136119, 0.029057, -0.329147, 0.303475, -0.296397, -0.117642, 0.251984, -0.024295, -0.082256, 0.452851, 0.070649, -0.014457, 0.156502;
-0.018151, -0.235668, -0.196793, 0.039039, 0.029075, -0.080714, -0.230739, 0.121600, 0.042498, -0.151744, 0.126014, -0.206668, 0.148199, 0.050956, -0.043025, 0.058888, 0.038500, 0.260152, -0.077781, 0.142899, -0.131248, 0.116331, -0.075082, 0.098011, 0.072604, 0.335147, -0.092206, 0.384270, -0.286260, 0.007960, 0.136116, -0.029057, 0.329153, -0.303478, 0.296398, 0.117640, -0.251986, 0.024297, 0.082257, -0.452858, -0.070650, 0.014454, -0.156504;
-0.018151, -0.235668, -0.196793, 0.039039, 0.029075, -0.080714, -0.230739, 0.121599, 0.042498, -0.151744, 0.126014, -0.206668, 0.148199, 0.050956, -0.043025, 0.058888, 0.038500, 0.260152, -0.077781, 0.142899, -0.131248, 0.116332, -0.075082, 0.098011, 0.072604, 0.335147, -0.092206, 0.384271, -0.286260, 0.007960, 0.136116, -0.029057, 0.329153, -0.303478, 0.296398, 0.117640, -0.251986, 0.024298, 0.082257, -0.452858, -0.070650, 0.014454, -0.156504;
2.243874, -0.243293, -0.000275, 0.296636, -0.258467, 0.073504, 0.025946, 0.226263, -0.054792, -0.053366, 0.255969, -0.200800, 0.144999, -0.122012, -0.261484, -0.073409, -0.051976, 0.224271, -0.206228, -0.152104, -0.153304, 0.151272, -0.196769, -0.048286, -0.233084, 0.130296, 0.088003, 0.099097, -0.147384, -0.061929, 0.440879, 0.033373, -0.060576, -0.084059, 0.290000, 0.234474, -0.140555, -0.122312, -0.079464, 0.049911, -0.011341, 0.283850, -0.031473;
-0.597741, -0.031804, 0.245224, 0.264395, -0.283999, 0.175383, 0.218257, 0.136281, -0.110430, 0.032824, 0.131802, -0.066810, 0.003369, -0.277393, -0.221482, -0.159318, -0.065167, -0.058428, -0.113391, -0.346030, -0.003753, -0.003390, -0.088972, -0.163845, -0.273075, -0.174822, 0.211156, -0.326622, 0.162776, -0.040674, 0.364205, 0.022655, -0.448460, 0.288097, 0.006740, 0.175084, 0.168472, -0.214504, -0.154346, 0.573245, 0.003917, 0.294922, 0.147909;
-2.243897, 0.243294, 0.000275, -0.296638, 0.258469, -0.073504, -0.025947, -0.226264, 0.054792, 0.053364, -0.255971, 0.200800, -0.145000, 0.122012, 0.261485, 0.073409, 0.051976, -0.224272, 0.206230, 0.152106, 0.153305, -0.151273, 0.196770, 0.048288, 0.233086, -0.130296, -0.088005, -0.099097, 0.147384, 0.061929, -0.440879, -0.033373, 0.060578, 0.084059, -0.289999, -0.234475, 0.140556, 0.122312, 0.079464, -0.049913, 0.011340, -0.283851, 0.031473;
-0.597741, -0.031804, 0.245224, 0.264395, -0.283999, 0.175383, 0.218257, 0.136281, -0.110430, 0.032824, 0.131802, -0.066810, 0.003369, -0.277393, -0.221481, -0.159318, -0.065167, -0.058428, -0.113391, -0.346030, -0.003753, -0.003391, -0.088972, -0.163845, -0.273076, -0.174822, 0.211156, -0.326622, 0.162776, -0.040674, 0.364205, 0.022655, -0.448460, 0.288097, 0.006740, 0.175084, 0.168472, -0.214504, -0.154346, 0.573245, 0.003917, 0.294922, 0.147909;
-0.018151, -0.235668, -0.196793, 0.039039, 0.029075, -0.080714, -0.230739, 0.121599, 0.042498, -0.151744, 0.126014, -0.206668, 0.148199, 0.050956, -0.043025, 0.058888, 0.038500, 0.260152, -0.077781, 0.142899, -0.131248, 0.116332, -0.075082, 0.098011, 0.072604, 0.335147, -0.092206, 0.384271, -0.286260, 0.007960, 0.136116, -0.029057, 0.329153, -0.303478, 0.296398, 0.117640, -0.251986, 0.024297, 0.082257, -0.452858, -0.070650, 0.014454, -0.156504;
0.018127, 0.235668, 0.196790, -0.039042, -0.029072, 0.080712, 0.230737, -0.121602, -0.042497, 0.151744, -0.126016, 0.206669, -0.148199, -0.050954, 0.043028, -0.058886, -0.038500, -0.260151, 0.077784, -0.142894, 0.131248, -0.116331, 0.075082, -0.098008, -0.072601, -0.335145, 0.092202, -0.384267, 0.286258, -0.007960, -0.136119, 0.029057, -0.329147, 0.303474, -0.296397, -0.117642, 0.251984, -0.024295, -0.082255, 0.452851, 0.070649, -0.014457, 0.156502;
2.243874, -0.243293, -0.000275, 0.296636, -0.258467, 0.073504, 0.025946, 0.226263, -0.054792, -0.053365, 0.255969, -0.200800, 0.144999, -0.122012, -0.261484, -0.073409, -0.051976, 0.224271, -0.206229, -0.152104, -0.153304, 0.151272, -0.196769, -0.048286, -0.233084, 0.130296, 0.088003, 0.099096, -0.147384, -0.061929, 0.440879, 0.033373, -0.060576, -0.084059, 0.289999, 0.234474, -0.140555, -0.122312, -0.079464, 0.049911, -0.011341, 0.283850, -0.031473;
0.597752, 0.031804, -0.245226, -0.264397, 0.284000, -0.175384, -0.218259, -0.136282, 0.110431, -0.032825, -0.131803, 0.066809, -0.003369, 0.277395, 0.221483, 0.159319, 0.065168, 0.058429, 0.113391, 0.346032, 0.003753, 0.003391, 0.088972, 0.163846, 0.273077, 0.174824, -0.211157, 0.326625, -0.162777, 0.040675, -0.364208, -0.022656, 0.448463, -0.288100, -0.006740, -0.175084, -0.168474, 0.214505, 0.154347, -0.573250, -0.003918, -0.294923, -0.147910;
2.243874, -0.243293, -0.000275, 0.296636, -0.258467, 0.073504, 0.025946, 0.226263, -0.054792, -0.053365, 0.255969, -0.200800, 0.144999, -0.122012, -0.261484, -0.073409, -0.051976, 0.224271, -0.206228, -0.152104, -0.153304, 0.151272, -0.196769, -0.048286, -0.233084, 0.130296, 0.088003, 0.099096, -0.147384, -0.061929, 0.440879, 0.033373, -0.060576, -0.084059, 0.290000, 0.234474, -0.140555, -0.122312, -0.079464, 0.049911, -0.011341, 0.283850, -0.031473;
-0.597741, -0.031804, 0.245224, 0.264395, -0.283999, 0.175383, 0.218257, 0.136281, -0.110430, 0.032824, 0.131802, -0.066810, 0.003369, -0.277393, -0.221481, -0.159318, -0.065167, -0.058428, -0.113391, -0.346030, -0.003753, -0.003391, -0.088972, -0.163845, -0.273076, -0.174822, 0.211156, -0.326622, 0.162776, -0.040674, 0.364205, 0.022655, -0.448460, 0.288097, 0.006740, 0.175084, 0.168472, -0.214504, -0.154346, 0.573245, 0.003918, 0.294922, 0.147909;
0.018127, 0.235668, 0.196790, -0.039042, -0.029072, 0.080712, 0.230737, -0.121602, -0.042497, 0.151744, -0.126016, 0.206669, -0.148199, -0.050954, 0.043027, -0.058886, -0.038500, -0.260151, 0.077784, -0.142894, 0.131248, -0.116331, 0.075082, -0.098008, -0.072602, -0.335145, 0.092203, -0.384268, 0.286257, -0.007960, -0.136119, 0.029057, -0.329147, 0.303474, -0.296397, -0.117642, 0.251984, -0.024295, -0.082256, 0.452851, 0.070649, -0.014457, 0.156502;
0.597752, 0.031804, -0.245226, -0.264397, 0.284000, -0.175384, -0.218259, -0.136282, 0.110431, -0.032825, -0.131803, 0.066809, -0.003369, 0.277395, 0.221483, 0.159319, 0.065168, 0.058429, 0.113391, 0.346032, 0.003753, 0.003391, 0.088972, 0.163846, 0.273077, 0.174824, -0.211157, 0.326625, -0.162777, 0.040675, -0.364208, -0.022656, 0.448463, -0.288100, -0.006740, -0.175084, -0.168474, 0.214505, 0.154347, -0.573249, -0.003917, -0.294924, -0.147910;
-0.018151, -0.235668, -0.196793, 0.039039, 0.029075, -0.080714, -0.230739, 0.121599, 0.042498, -0.151744, 0.126014, -0.206668, 0.148199, 0.050956, -0.043025, 0.058888, 0.038500, 0.260152, -0.077781, 0.142899, -0.131248, 0.116332, -0.075082, 0.098011, 0.072604, 0.335147, -0.092206, 0.384270, -0.286260, 0.007960, 0.136116, -0.029057, 0.329153, -0.303478, 0.296398, 0.117640, -0.251986, 0.024297, 0.082257, -0.452858, -0.070650, 0.014454, -0.156504


Theta 2:
-4.452292, 0.741790, -0.741777, -0.731458, 0.731473, 1.495745, -1.495727, 1.495745, 0.731473, 0.741790, -0.731458, -0.731457, -0.731458, -1.495726, 1.495745, -1.495726, 1.495745, 1.495745, 0.741790, -0.731457, -0.741777, -0.731458, 1.495745, -1.495725, 0.741790, 0.731475, 0.741789, -0.731458, -1.495726, 0.731474, 1.495745;
-6.400090, 0.890942, -0.890966, 1.629476, -1.629505, -0.715798, 0.715766, -0.715798, -1.629503, 0.890942, 1.629476, 1.629476, 1.629477, 0.715764, -0.715797, 0.715763, -0.715798, -0.715798, 0.890942, 1.629476, -0.890966, 1.629476, -0.715798, 0.715762, 0.890942, -1.629504, 0.890942, 1.629476, 0.715763, -1.629504, -0.715797;
-0.208461, -1.686956, 1.686971, -0.919258, 0.919275, -0.815194, 0.815212, -0.815193, 0.919273, -1.686956, -0.919259, -0.919259, -0.919259, 0.815213, -0.815194, 0.815213, -0.815194, -0.815194, -1.686956, -0.919259, 1.686971, -0.919259, -0.815194, 0.815213, -1.686956, 0.919273, -1.686956, -0.919259, 0.815213, 0.919273, -0.815194
